name: yasuhati
channels:
  - conda-forge
  - defaults
dependencies:
  - aom=3.6.1=h63175ca_0
  - aubio=0.4.9=py311hf5660dd_9
  - bzip2=1.0.8=hcfcfb64_5
  - ca-certificates=2024.2.2=h56e8100_0
  - expat=2.6.2=h63175ca_0
  - ffmpeg=4.4.2=gpl_hf960ced_113
  - font-ttf-dejavu-sans-mono=2.37=hab24e00_0
  - font-ttf-inconsolata=3.000=h77eed37_0
  - font-ttf-source-code-pro=2.038=h77eed37_0
  - font-ttf-ubuntu=0.83=h77eed37_2
  - fontconfig=2.14.2=hbde0cde_0
  - fonts-conda-ecosystem=1=0
  - fonts-conda-forge=1=0
  - freetype=2.12.1=hdaf720e_2
  - intel-openmp=2024.1.0=h57928b3_965
  - libblas=3.9.0=22_win64_mkl
  - libcblas=3.9.0=22_win64_mkl
  - libexpat=2.6.2=h63175ca_0
  - libffi=3.4.2=h8ffe710_5
  - libhwloc=2.10.0=default_h2fffb23_1000
  - libiconv=1.17=hcfcfb64_2
  - liblapack=3.9.0=22_win64_mkl
  - libpng=1.6.43=h19919ed_0
  - libsqlite=3.45.3=hcfcfb64_0
  - libxml2=2.12.7=h283a6d9_0
  - libzlib=1.2.13=hcfcfb64_5
  - mkl=2024.1.0=h66d3029_692
  - numpy=1.26.4=py311h0b4df5a_0
  - openh264=2.3.1=h63175ca_2
  - openssl=3.3.0=hcfcfb64_0
  - pip=24.0=pyhd8ed1ab_0
  - pthreads-win32=2.9.1=hfa6e2cd_3
  - python=3.11.9=h631f459_0_cpython
  - python_abi=3.11=4_cp311
  - setuptools=69.5.1=pyhd8ed1ab_0
  - svt-av1=1.4.1=h63175ca_0
  - tbb=2021.12.0=h91493d7_0
  - tk=8.6.13=h5226925_1
  - tzdata=2024a=h0c530f3_0
  - ucrt=10.0.22621.0=h57928b3_0
  - vc=14.3=hcf57466_18
  - vc14_runtime=14.38.33130=h82b7239_18
  - vs2015_runtime=14.38.33130=hcb4865c_18
  - wheel=0.43.0=pyhd8ed1ab_1
  - x264=1!164.3095=h8ffe710_2
  - x265=3.5=h2d74725_3
  - xz=5.2.6=h8d14728_0
  - pip:
      - pyaudio==0.2.14
      - pygame==2.5.2
prefix: C:\Users\yui\anaconda3\envs\yasuhati
